1 1 CSE 80 75 70 85 90 John_Doe 19CS1001 60 65 70 75 80 1 1
1 2 ECE 88 85 87 86 89 Jane_Smith 18EC2001 77 78 79 80 81 0 0
1 1 EEE 78 82 76 81 84 Michael_Jones 17EE3001 62 65 67 69 71 1 0
1 4 MEC 92 95 93 94 96 Emily_Clark 16ME4001 88 89 90 91 92 0 1
1 2 CIV 74 72 73 75 76 Daniel_Lee 15CI5001 66 67 68 69 70 1 0
1 1 CSE 85 87 84 86 88 Sophia_Brown 19CS1002 72 74 76 78 80 0 1
1 3 ECE 79 81 78 80 82 Aiden_Wilson 18EC2002 63 65 67 69 71 1 0
1 4 EEE 88 90 87 89 91 Mia_Davis 17EE3002 82 84 86 88 90 0 1
1 2 MEC 75 77 74 76 78 Noah_Martinez 16ME4002 58 60 62 64 66 1 0
1 1 CIV 92 94 91 93 95 Emma_Taylor 15CI5002 85 87 89 91 93 0 1
1 4 CSE 84 86 83 85 87 Liam_Anderson 19CS1003 78 80 82 84 86 1 0
1 1 ECE 91 93 90 92 94 Ava_Thomas 18EC2003 73 75 77 79 81 0 1
1 3 EEE 76 78 75 77 79 Isabella_Moore 17EE3003 67 69 71 73 75 1 0
1 1 MEC 89 91 88 90 92 Elijah_Jackson 16ME4003 64 66 68 70 72 0 1
1 4 CIV 93 95 92 94 96 Oliver_White 15CI5003 81 83 85 87 89 1 0
1 2 CSE 78 80 77 79 81 Amelia_Lee 19CS1004 70 72 74 76 78 1 0
1 4 ECE 85 87 84 86 88 Lucas_Harris 18EC2004 66 68 70 72 74 0 1
1 2 EEE 92 94 91 93 95 Charlotte_Walker 17EE3004 82 84 86 88 90 1 0
1 3 MEC 77 79 76 78 80 James_Hall 16ME4004 65 67 69 71 73 0 1
1 1 CIV 84 86 83 85 87 Evelyn_Allen 15CI5004 78 80 82 84 86 1 0
1 3 CSE 89 91 88 90 92 Benjamin_Young 19CS1005 74 76 78 80 82 0 1
1 2 ECE 94 96 93 95 97 Ella_King 18EC2005 88 90 92 94 96 1 0
1 1 EEE 75 77 74 76 78 Henry_Wright 17EE3005 68 70 72 74 76 0 1
1 4 MEC 85 87 84 86 88 Scarlett_Scott 16ME4005 82 84 86 88 90 1 0
1 2 CIV 79 81 78 80 82 Jack_Green 15CI5005 69 71 73 75 77 0 1
1 1 CSE 90 92 89 91 93 Grace_Adams 19CS1006 76 78 80 82 84 1 0
1 3 ECE 83 85 82 84 86 Mason_Baker 18EC2006 65 67 69 71 73 0 1
1 4 EEE 92 94 91 93 95 Harper_Wilson 17EE3006 86 88 90 92 94 1 0
1 2 MEC 77 79 76 78 80 Ethan_Harris 16ME4006 63 65 67 69 71 0 1
1 1 CIV 85 87 84 86 88 Chloe_Taylor 15CI5006 72 74 76 78 80 1 0
1 4 CSE 78 80 77 79 81 Logan_Clark 19CS1007 69 71 73 75 77 0 1
1 1 ECE 89 91 88 90 92 Zoe_Thomas 18EC2007 77 79 81 83 85 1 0
1 3 EEE 84 86 83 85 87 Lucas_Moore 17EE3007 74 76 78 80 82 0 1
1 1 MEC 92 94 91 93 95 Sofia_Jones 16ME4007 89 91 93 95 97 1 0
1 4 CIV 73 75 72 74 76 Avery_Martin 15CI5007 68 70 72 74 76 0 1
1 2 CSE 85 87 84 86 88 Alexander_Lee 19CS1008 70 72 74 76 78 1 0
1 4 ECE 92 94 91 93 95 Nora_Hall 18EC2008 85 87 89 91 93 0 1
1 2 EEE 88 90 87 89 91 Ellie_Allen 17EE3008 76 78 80 82 84 1 0
1 3 MEC 79 81 78 80 82 David_Walker 16ME4008 62 64 66 68 70 0 1
1 1 CIV 91 93 90 92 94 Lily_Smith 15CI5008 84 86 88 90 92 1 0
1 3 CSE 87 89 86 88 90 Carter_Davis 19CS1009 78 80 82 84 86 0 1
1 2 ECE 80 82 79 81 83 Riley_Miller 18EC2009 66 68 70 72 74 1 0
1 1 EEE 83 85 82 84 86 Samuel_Wright 17EE3009 74 76 78 80 82 0 1
1 4 MEC 90 92 89 91 93 Lillian_Taylor 16ME4009 85 87 89 91 93 1 0
1 2 CIV 77 79 76 78 80 Oliver_Anderson 15CI5009 65 67 69 71 73 0 1
1 1 CSE 86 88 85 87 89 Sofia_Moore 19CS1010 71 73 75 77 79 1 0
1 3 ECE 81 83 80 82 84 Jackson_Hall 18EC2010 69 71 73 75 77 0 1
1 4 EEE 88 90 87 89 91 Isabella_Wilson 17EE3010 82 84 86 88 90 1 0
1 2 MEC 78 80 77 79 81 James_Brown 16ME4010 62 64 66 68 70 0 1
1 1 CIV 95 97 94 96 98 Emily_Harris 15CI5010 88 90 92 94 96 1 0
1 4 CSE 84 86 83 85 87 Charlotte_Wright 19CS1011 76 78 80 82 84 0 1
1 1 ECE 93 95 92 94 96 Benjamin_White 18EC2011 87 89 91 93 95 1 0
1 3 EEE 76 78 75 77 79 Lucas_Smith 17EE3011 67 69 71 73 75 0 1
1 1 MEC 91 93 90 92 94 Elijah_Johnson 16ME4011 86 88 90 92 94 1 0
1 4 CIV 81 83 80 82 84 Sophia_Lee 15CI5011 69 71 73 75 77 0 1
1 2 CSE 89 91 88 90 92 Aiden_Martinez 19CS1012 74 76 78 80 82 1 0
1 4 ECE 95 97 94 96 98 Zoe_Allen 18EC2012 90 92 94 96 98 0 1
1 2 EEE 82 84 81 83 85 Nathan_Scott 17EE3012 69 71 73 75 77 1 0
1 3 MEC 80 82 79 81 83 Levi_Baker 16ME4012 66 68 70 72 74 0 1
1 1 CIV 87 89 86 88 90 Hannah_Wright 15CI5012 73 75 77 79 81 1 0
1 3 CSE 82 84 81 83 85 Addison_Hall 19CS1013 69 71 73 75 77 0 1
1 2 ECE 88 90 87 89 91 Liam_Walker 18EC2013 78 80 82 84 86 1 0
1 1 EEE 94 96 93 95 97 William_Harris 17EE3013 85 87 89 91 93 0 1
1 4 MEC 76 78 75 77 79 Samantha_Johnson 16ME4013 62 64 66 68 70 1 0
1 2 CIV 91 93 90 92 94 Emily_Smith 15CI5013 83 85 87 89 91 1 0
